Iteracao:
Simplex:
  (0.0000, 0.0000, 0.0000) -> 14.000000
  (1.0000, 0.0000, 0.0000) -> 13.000000
  (0.0000, 1.0000, 0.0000) -> 11.000000
  (0.0000, 0.0000, 1.0000) -> 9.000000
Centroide: (0.5000, 0.5000, 0.0000)

Iteracao:
Simplex:
  (0.0000, 0.0000, 1.0000) -> 9.000000
  (1.0000, 1.0000, 0.0000) -> 10.000000
  (0.0000, 1.0000, 0.0000) -> 11.000000
  (1.0000, 0.0000, 0.0000) -> 13.000000
Centroide: (0.5000, 1.0000, 0.0000)

Iteracao:
Simplex:
  (0.0000, 0.0000, 1.0000) -> 9.000000
  (1.0000, 1.0000, 0.0000) -> 10.000000
  (0.0000, 2.0000, 0.0000) -> 10.000000
  (0.0000, 1.0000, 0.0000) -> 11.000000
Centroide: (0.5000, 1.5000, 0.0000)

Iteracao:
Simplex:
  (0.0000, 0.0000, 1.0000) -> 9.000000
  (1.0000, 2.0000, 0.0000) -> 9.000000
  (1.0000, 1.0000, 0.0000) -> 10.000000
  (0.0000, 2.0000, 0.0000) -> 10.000000
Centroide: (1.0000, 1.5000, 0.0000)

Iteracao:
Simplex:
  (0.0000, 0.0000, 1.0000) -> 9.000000
  (1.0000, 2.0000, 0.0000) -> 9.000000
  (0.5000, 1.7500, 0.0000) -> 9.312500
  (1.0000, 1.0000, 0.0000) -> 10.000000
Centroide: (0.7500, 1.8750, 0.0000)

Iteracao:
Simplex:
  (0.0000, 0.0000, 1.0000) -> 9.000000
  (1.0000, 2.0000, 0.0000) -> 9.000000
  (0.6250, 2.3125, 0.0000) -> 9.238281
  (0.5000, 1.7500, 0.0000) -> 9.312500
Centroide: (0.8125, 2.1562, 0.0000)

Iteracao:
Simplex:
  (0.0000, 0.0000, 1.0000) -> 9.000000
  (1.0000, 2.0000, 0.0000) -> 9.000000
  (0.6562, 1.9531, 0.0000) -> 9.120361
  (0.6250, 2.3125, 0.0000) -> 9.238281
Centroide: (0.8281, 1.9766, 0.0000)

Iteracao:
Simplex:
  (0.0000, 0.0000, 1.0000) -> 9.000000
  (1.0000, 2.0000, 0.0000) -> 9.000000
  (0.9297, 1.8086, 0.0000) -> 9.041580
  (0.6562, 1.9531, 0.0000) -> 9.120361
Centroide: (0.9648, 1.9043, 0.0000)

Iteracao:
Simplex:
  (0.0000, 0.0000, 1.0000) -> 9.000000
  (1.0000, 2.0000, 0.0000) -> 9.000000
  (1.1191, 1.8799, 0.0000) -> 9.028623
  (0.9297, 1.8086, 0.0000) -> 9.041580
Centroide: (1.0596, 1.9399, 0.0000)

Iteracao:
Simplex:
  (0.0000, 0.0000, 1.0000) -> 9.000000
  (1.0000, 2.0000, 0.0000) -> 9.000000
  (1.1245, 2.0056, 0.0000) -> 9.015535
  (1.1191, 1.8799, 0.0000) -> 9.028623
Centroide: (1.0623, 2.0028, 0.0000)

Iteracao:
Simplex:
  (0.0000, 0.0000, 1.0000) -> 9.000000
  (1.0000, 2.0000, 0.0000) -> 9.000000
  (1.0338, 2.0643, 0.0000) -> 9.005274
  (1.1245, 2.0056, 0.0000) -> 9.015535
Centroide: (1.0169, 2.0321, 0.0000)

Iteracao:
Simplex:
  (0.0000, 0.0000, 1.0000) -> 9.000000
  (1.0000, 2.0000, 0.0000) -> 9.000000
  (0.9631, 2.0454, 0.0000) -> 9.003422
  (1.0338, 2.0643, 0.0000) -> 9.005274
Centroide: (0.9816, 2.0227, 0.0000)

Iteracao:
Simplex:
  (0.0000, 0.0000, 1.0000) -> 9.000000
  (1.0000, 2.0000, 0.0000) -> 9.000000
  (1.0077, 2.0435, 0.0000) -> 9.001950
  (0.9631, 2.0454, 0.0000) -> 9.003422
Centroide: (1.0038, 2.0217, 0.0000)

Iteracao:
Simplex:
  (0.0000, 0.0000, 1.0000) -> 9.000000
  (1.0000, 2.0000, 0.0000) -> 9.000000
  (1.0242, 2.0099, 0.0000) -> 9.000684
  (1.0077, 2.0435, 0.0000) -> 9.001950
Centroide: (1.0121, 2.0050, 0.0000)

Iteracao:
Simplex:
  (0.0000, 0.0000, 1.0000) -> 9.000000
  (1.0000, 2.0000, 0.0000) -> 9.000000
  (1.0143, 1.9857, 0.0000) -> 9.000410
  (1.0242, 2.0099, 0.0000) -> 9.000684
Centroide: (1.0072, 1.9928, 0.0000)

Iteracao:
Simplex:
  (0.0000, 0.0000, 1.0000) -> 9.000000
  (1.0000, 2.0000, 0.0000) -> 9.000000
  (1.0157, 2.0014, 0.0000) -> 9.000248
  (1.0143, 1.9857, 0.0000) -> 9.000410
Centroide: (1.0078, 2.0007, 0.0000)

Iteracao:
Simplex:
  (0.0000, 0.0000, 1.0000) -> 9.000000
  (1.0000, 2.0000, 0.0000) -> 9.000000
  (1.0046, 2.0082, 0.0000) -> 9.000088
  (1.0157, 2.0014, 0.0000) -> 9.000248
Centroide: (1.0023, 2.0041, 0.0000)

Iteracao:
Simplex:
  (0.0000, 0.0000, 1.0000) -> 9.000000
  (1.0000, 2.0000, 0.0000) -> 9.000000
  (0.9956, 2.0055, 0.0000) -> 9.000049
  (1.0046, 2.0082, 0.0000) -> 9.000088
Centroide: (0.9978, 2.0027, 0.0000)

Iteracao:
Simplex:
  (0.0000, 0.0000, 1.0000) -> 9.000000
  (1.0000, 2.0000, 0.0000) -> 9.000000
  (1.0012, 2.0055, 0.0000) -> 9.000031
  (0.9956, 2.0055, 0.0000) -> 9.000049
Centroide: (1.0006, 2.0027, 0.0000)

Iteracao:
Simplex:
  (0.0000, 0.0000, 1.0000) -> 9.000000
  (1.0000, 2.0000, 0.0000) -> 9.000000
  (1.0031, 2.0014, 0.0000) -> 9.000011
  (1.0012, 2.0055, 0.0000) -> 9.000031
Centroide: (1.0015, 2.0007, 0.0000)

Iteracao:
Simplex:
  (0.0000, 0.0000, 1.0000) -> 9.000000
  (1.0000, 2.0000, 0.0000) -> 9.000000
  (1.0017, 1.9983, 0.0000) -> 9.000006
  (1.0031, 2.0014, 0.0000) -> 9.000011
Centroide: (1.0009, 1.9991, 0.0000)

Iteracao:
Simplex:
  (0.0000, 0.0000, 1.0000) -> 9.000000
  (1.0000, 2.0000, 0.0000) -> 9.000000
  (0.9997, 1.9980, 0.0000) -> 9.000004
  (1.0017, 1.9983, 0.0000) -> 9.000006
Centroide: (0.7504, 1.4991, 0.2500)

